51 1
-2.0487980877
-0.3047101718
-0.1917960283
-0.4490956873
0.9233000123
0.3553418177
-0.170774146
0.539008952
-0.0081588095
0.1938006589
0.9471548172
1.5737451451
1.9469072366
1.3393659774
2.9467792129
2.6680298205
2.7244719092
3.503403243
2.3994239434
3.4540380733
4.4635717999
3.2934482842
4.2426314813
5.3060709159
4.5888650791
5.1100034329
4.848874071
5.984103187
5.2391630603
5.4757242151
6.6057793513
7.6174680765
6.8063439019
8.2481303378
7.5541637507
9.0086576314
8.8540693157
8.9767509916
9.7635270816
9.692797136
10.0228430464
10.5455203752
10.4940713175
11.1143022349
10.5732001788
11.9703525965
12.51401142
12.6528304102
12.8360850883
13.2390989879
14.2342351543
